0,0,1,1,1
11,0,1,1,1
20,0,1,1,1
30,0,1,1,1
40,0,1,1,1
50,0,1,1,1
60,0,1,1,1
70,0,1,1,1
80,0,1,1,1
90,0,1,1,1
100,0,1,1,1
110,0,1,1,1
120,0,1,1,1
130,0,1,1,1
140,0,1,1,1
150,0,1,1,0
160,0,1,0,0
170,0,1,0,0
181,0,1,0,0
190,0,1,0,0
200,0,1,0,0
210,0,1,0,0
220,0,1,0,0
230,0,1,0,0
240,0,1,0,0
250,0,1,0,0
260,0,1,0,0
270,0,1,0,0
280,0,1,0,0
290,0,1,0,0
300,0,1,0,0
310,0,1,0,0
320,0,1,0,0
330,0,1,0,0
340,0,1,0,0
350,0,1,0,0
360,0,1,0,0
370,0,1,0,0
380,0,1,0,0
390,0,1,0,0
400,0,1,0,0
410,0,1,0,0
420,0,1,0,0
430,0,1,0,0
440,0,1,0,0
450,0,1,0,0
460,0,1,0,0
470,0,0,0,0
480,0,0,0,0
490,0,0,0,0
500,0,0,0,0
510,0,0,0,0
520,0,0,0,0
530,0,0,0,0
540,0,0,0,0
550,0,1,0,0
560,0,1,0,0
570,0,1,0,0
580,0,1,0,0
590,0,1,0,0
600,0,1,0,0
610,0,0,0,0
620,0,0,0,0
630,0,0,0,0
640,0,0,0,0
651,0,0,0,0
660,0,0,0,0
670,0,0,0,0
680,0,1,0,0
690,0,1,0,0
700,0,1,0,0
710,0,1,0,0
720,0,1,0,0
730,0,0,0,0
740,0,0,0,0
750,0,0,0,0
760,0,0,0,0
770,0,0,0,0
780,0,0,0,0
790,0,0,0,0
800,0,0,0,0
810,0,1,0,0
821,0,1,0,0
830,0,1,0,0
840,0,1,0,0
850,0,1,0,0
860,0,0,0,0
870,0,0,0,0
880,0,0,0,0
890,0,0,0,0
900,0,0,0,0
910,0,0,0,0
920,0,0,0,0
930,0,1,0,0
940,0,1,0,0
950,0,1,0,0
960,0,1,0,0
970,0,1,0,0
980,0,1,0,0
990,0,0,0,0
1000,0,0,0,0
1010,0,0,0,0
1020,0,0,0,0
1030,0,0,0,0
1040,0,0,0,0
1050,0,0,0,0
1060,0,1,0,0
1070,0,1,0,0
1080,0,1,0,0
1090,0,1,0,0
1100,0,1,0,0
1110,0,1,0,0
1120,0,0,0,0
1130,0,0,0,0
1140,0,0,0,0
1150,0,0,0,0
1160,0,0,0,0
1170,0,0,0,0
1180,0,0,0,0
1190,0,0,0,0
1200,0,1,0,0
1210,0,1,0,0
1220,0,1,0,0
1230,0,1,0,0
1240,0,1,0,0
1250,0,0,0,0
1260,0,0,0,0
1270,0,0,0,0
1280,0,0,0,0
1291,0,0,0,0
1300,0,0,0,0
1310,1,0,0,0
1320,1,0,0,0
1330,0,1,0,0
1340,0,1,0,0
1350,0,1,0,0
1360,0,1,0,0
1370,0,1,0,0
1380,0,0,0,0
1390,0,0,0,0
1400,0,0,0,0
1410,0,0,0,0
1420,0,0,0,0
1430,0,0,0,0
1440,0,0,0,0
1450,1,0,0,0
1461,1,1,0,0
1470,0,1,0,0
1480,0,1,0,0
1490,0,1,0,0
1500,0,1,0,0
1510,0,1,0,0
1520,0,0,0,0
1530,0,0,0,0
1540,0,0,0,0
1550,0,0,0,0
1560,0,0,0,0
1570,0,0,0,0
1580,0,0,0,0
1590,0,0,0,0
1600,0,1,0,0
1610,0,1,0,0
1620,0,1,0,0
1630,0,1,0,0
1640,0,1,0,0
1650,0,0,0,0
1660,0,0,0,0
1670,0,0,0,0
1680,0,0,0,0
1690,0,0,0,0
1700,0,0,0,0
1710,0,0,0,0
1720,0,0,0,0
1730,0,0,0,0
1740,0,1,0,0
1750,0,1,0,0
1760,0,1,0,0
1770,0,1,0,0
1780,0,1,0,0
1790,0,0,0,0
1800,0,0,0,0
1810,0,0,0,0
1820,0,0,0,0
1830,0,0,0,0
1840,0,0,0,0
1850,0,0,0,0
1860,0,0,0,0
1870,0,0,0,0
1880,0,1,0,0
1890,0,1,0,0
1900,0,1,0,0
1910,0,1,0,0
1920,0,1,0,0
1931,0,0,0,0
1940,0,0,0,0
1950,0,0,0,0
1960,0,0,0,0
1970,0,0,0,0
1980,0,0,0,0
1990,0,0,0,0
2000,0,0,0,0